"0"

011110
110011
110011
110011
110011
110011
110011
110011
110011
110011
110011
110011
110011
110011
110011
011110

"1"

001100
011100
111100
001100
001100
001100
001100
001100
001100
001100
001100
001100
001100
001100
001100
111111

"2"

011110
110011
000011
000011
000110
001100
011000
110000
110000
110000
110000
110000
110000
110000
110000
111111

"3"

011110
110011
000011
000011
000011
001110
001110
000011
000011
000011
000011
000011
110011
110011
110011
011110

"4"

000110
001110
011110
110110
110110
110110
110110
111111
111111
000110
000110
000110
000110
000110
000110
000110

"5"

111111
110000
110000
110000
110000
111110
111111
000011
000011
000011
000011
000011
110011
110011
110011
011110

"6"

001110
011000
110000
110000
110000
111110
111111
110011
110011
110011
110011
110011
110011
110011
110011
011110

"7"

111111
111111
000011
000011
000110
000110
001100
001100
001100
011000
011000
011000
110000
110000
110000
110000

"8"

011110
110011
110011
110011
110011
011110
011110
110011
110011
110011
110011
110011
110011
110011
110011
011110

"9"

011110
110011
110011
110011
110011
011111
000011
000011
000011
000011
000011
000011
110011
110011
110011
011110

":"

0000
0000
0000
0000
0000
0110
0110
0000
0000
0110
0110
0000
0000
0000
0000
0000

" " 

0000
0000
0000
0000
0000
0000
0000
0000
0000
0000
0000
0000
0000
0000
0000
0000

"_" 

000000
000000
000000
000000
000000
000000
000000
000000
000000
000000
000000
000000
000000
000000
000000
000000